1
1.5
1.66667
1.5
1.4
1.33333
1.42857
1.5
1.44444
1.4
1.36364
1.41667
1.38462
1.35714
1.4
1.375
1.35294
1.33333
1.36842
1.35
1.33333
1.36364
1.34783
1.33333
1.36
1.34615
1.33333
1.32143
1.34483
1.33333
1.32258
1.3125
1.33333
1.35294
1.34286
1.33333
1.32432
1.31579
1.33333
1.35
1.36585
1.35714
1.34884
1.34091
1.33333
1.32609
1.31915
1.33333
1.32653
1.32
1.31373
1.32692
1.32075
1.33333
1.32727
1.33929
1.33333
1.32759
1.33898
1.35
1.36066
1.37097
1.38095
1.39062
1.4
1.40909
1.41791
1.42647
1.43478
1.44286
1.4507
1.44444
1.45205
1.45946
1.46667
1.46053
1.46753
1.47436
1.48101
1.4875
1.49383
1.4878
1.49398
1.5
1.49412
1.48837
1.48276
1.48864
1.49438
1.5
1.50549
1.51087
1.51613
1.51064
1.51579
1.52083
1.51546
1.52041
1.51515
1.51
1.51485
1.51961
1.52427
1.52885
1.53333
1.53774
1.54206
1.5463
1.55046
1.55455
1.55856
1.5625
1.55752
1.5614
1.56522
1.56034
1.55556
1.55932
1.56303
1.56667
1.57025
1.57377
1.56911
1.57258
1.576
1.57937
1.58268
1.58594
1.58915
1.59231
1.59542
1.59848
1.59398
1.59701
1.6
1.59559
1.59854
1.5942
1.58993
1.59286
1.59574
1.59859
1.6014
1.59722
1.6
1.60274
1.60544
1.60811
1.61074
1.61333
1.61589
1.61842
1.62092
1.62338
1.62581
1.62821
1.63057
1.63291
1.63522
1.6375
1.63975
1.64198
1.64417
1.64634
1.64848
1.6506
1.65269
1.65476
1.6568
1.65882
1.66082
1.66279
1.66474
1.66667
1.66857
1.67045
1.67232
1.67416
1.67598
1.67778
1.67956
1.68132
1.68306
1.68478
1.68649
1.68817
1.68984
1.69149
1.69312
1.69474
1.69634
1.69792
1.69948
1.70103
1.70256
1.70408
1.70558
1.70202
1.70352
1.705
1.70647
1.70792
1.70936
1.71078
1.7122
1.71359
1.71014
1.71154
1.71292
1.71429
1.71564
1.71698
1.71362
1.71495
1.71628
1.71759
1.71889
1.72018
1.72146
1.72273
1.72398
1.72523
1.72646
1.72768
1.72889
1.73009
1.73128
1.73246
1.73362
1.73478
1.73593
1.73707
1.7382
1.73932
1.74043
1.74153
1.74262
1.7437
1.74477
1.74583
1.74689
1.74793
1.74897
1.75
1.75102
1.75203
1.75304
1.75403
1.75502
1.756
1.75697
1.75794
1.75889
1.75984
1.76078
1.76172
1.76265
1.76357
1.76062
1.76154
1.76245
1.76336
1.76046
1.76136
1.76226
1.76316
1.76405
1.76493
1.7658
1.76667
1.76753
1.76471
1.76557
1.76642
1.76727
1.76812
1.76895
1.76978
1.77061
1.77143
1.77224
1.7695
1.77032
1.77113
1.77193
1.77273
1.77352
1.77431
1.77509
1.77586
1.77663
1.7774
1.77816
1.77551
1.77627
1.77703
1.77441
1.77517
1.77592
1.77667
1.77741
1.77815
1.77888
1.77961
1.78033
1.78105
1.78176
1.78247
1.78317
1.78387
1.78457
1.78526
1.78594
1.78662
1.7873
1.78797
1.78864
1.78931
1.78997
1.79062
1.79128
1.79193
1.79257
1.79321
1.79385
1.79448
1.79511
1.79573
1.79331
1.79394
1.79456
1.79518
1.7958
1.79641
1.79701
1.79762
1.79822
1.79882
1.79941
1.8
1.80059
1.80117
1.80175
1.80233
1.8029
1.80347
1.80403
1.8046
1.80516
1.80571
1.80627
1.80682
1.80737
1.80791
1.80845
1.80899
1.80952
1.81006
1.81058
1.81111
1.81163
1.81215
1.81267
1.81319
1.8137
1.81421
1.81471
1.81522
1.81572
1.81622
1.81671
1.8172
1.81769
1.81818
1.81867
1.81915
1.81963
1.82011
1.82058
1.82105
1.82152
1.81937
1.81984
1.82031
1.82078
1.82124
1.82171
1.82216
1.82262
1.82308
1.82353
1.82398
1.82443
1.82487
1.82532
1.82576
1.8262
1.82663
1.82456
1.825
1.82544
1.82587
1.8263
1.82673
1.82716
1.82759
1.82801
1.82843
1.82641
1.82683
1.82725
1.82767
1.82809
1.8285
1.82892
1.82933
1.82974
1.83014
1.83055
1.83095
1.83135
1.83175
1.83215
1.83255
1.83294
1.83333
1.83372
1.83411
1.8345
1.83488
1.83527
1.83565
1.83603
1.83641
1.83678
1.83716
1.83753
1.8379
1.83827
1.83864
1.839
1.83937
1.83973
1.84009
1.84045
1.84081
1.84116
1.84152
1.84187
1.84222
1.84257
1.84292
1.84327
1.84361
1.84396
1.8443
1.84464
1.84498
1.84532
1.84565
1.84599
1.84632
1.84665
1.84698
1.84731
1.84764
1.84797
1.84829
1.84861
1.84894
1.84926
1.84958
1.84989
1.85021
1.85053
1.85084
1.85115
1.85146
1.85177
1.85208
1.85239
1.8527
1.853
1.85331
1.85361
1.85391
1.85421
1.85451
1.85481
1.8551
1.8554
1.85569
1.85598
1.85628
1.85657
1.85685
1.85714
1.85743
1.85772
1.858
1.85828
1.85857
1.85885
1.85913
1.85941
1.85968
1.85996
1.86024
1.86051
1.86078
1.86106
1.86133
1.8616
1.86187
1.86214
1.8624
1.86267
1.86293
1.8632
1.86346
1.86372
1.86398
1.86424
1.8626
1.86286
1.86312
1.86338
1.86364
1.86389
1.86415
1.86441
1.86466
1.86492
1.86517
1.86542
1.86567
1.86592
1.86617
1.86642
1.86667
1.86691
1.86716
1.8674
1.86765
1.86789
1.86813
1.86837
1.86861
1.86885
1.86909
1.86933
1.86957
1.8698
1.87004
1.87027
1.8705
1.87074
1.87097
1.8712
1.87143
1.87166
1.87189
1.87211
1.87234
1.87257
1.87279
1.87302
1.87324
1.87346
1.87368
1.87391
1.87413
1.87435
1.87456
1.87478
1.875
1.87522
1.87543
1.87565
1.87586
1.87608
1.87629
1.8765
1.87671
1.87692
1.87713
1.87734
1.87755
1.87776
1.87797
1.87817
1.87838
1.87858
1.87879
1.87899
1.87919
1.8794
1.8796
1.8798
1.88
1.8802
1.8804
1.8806
1.88079
1.88099
1.88119
1.88138
1.88158
1.88177
1.88197
1.88216
1.88235
1.88254
1.88274
1.88293
1.88312
1.88331
1.8835
1.88368
1.88387
1.88406
1.88424
1.88443
1.88462
1.8848
1.88498
1.88517
1.88535
1.88553
1.88571
1.8859
1.88608
1.88626
1.88644
1.88661
1.88679
1.88697
1.88715
1.88732
1.8875
1.88768
1.88785
1.88802
1.8882
1.88837
1.88854
1.88872
1.88889
1.88906
1.88923
1.8894
1.88957
1.88974
1.88991
1.89008
1.89024
1.89041
1.89058
1.89074
1.89091
1.89107
1.89124
1.8914
1.89157
1.89173
1.89189
1.89205
1.89222
1.89238
1.89254
1.8927
1.89286
1.89302
1.89318
1.89333
1.89349
1.89365
1.89381
1.89396
1.89412
1.89427
1.89443
1.89458
1.89474
1.89489
1.89504
1.8952
1.89535
1.8955
1.89565
1.8958
1.89595
1.8961
1.89625
1.8964
1.89655
1.8967
1.89685
1.897
1.89714
1.89729
1.89744
1.89758
1.89773
1.89787
1.89802
1.89816
1.89831
1.89845
1.89859
1.89873
1.89888
1.89902
1.89916
1.8993
1.89944
1.89958
1.89972
1.89986
1.9
1.90014
1.90028
1.90041
1.90055
1.90069
1.90083
1.90096
1.9011
1.90123
1.90137
1.9015
1.90164
1.90177
1.90191
1.90204
1.90217
1.90231
1.90244
1.90257
1.9027
1.90283
1.90296
1.9031
1.90323
1.90336
1.90349
1.90361
1.90374
1.90387
1.90267
1.9028
1.90293
1.90305
1.90318
1.90331
1.90344
1.90357
1.90369
1.90382
1.90395
1.90407
1.9042
1.90433
1.90445
1.90458
1.9047
1.90482
1.90495
1.90507
1.90519
1.90532
1.90544
1.90556
1.90568
1.90581
1.90593
1.90605
1.90617
1.90629
1.90641
1.90653
1.90665
1.90677
1.90689
1.90701
1.90712
1.90724
1.90736
1.90748
1.90759
1.90771
1.90783
1.90794
1.90806
1.90818
1.90829
1.90841
1.90852
1.90864
1.90875
1.90886
1.90898
1.90909
1.9092
1.90932
1.90943
1.90954
1.90842
1.90853
1.90864
1.90875
1.90887
1.90898
1.90909
1.9092
1.90931
1.90942
1.90954
1.90965
1.90976
1.90987
1.90998
1.91009
1.91019
1.9103
1.91041
1.91052
1.91063
1.91074
1.91084
1.91095
1.91106
1.91116
1.91127
1.91138
1.91148
1.91159
1.91169
1.9118
1.9119
1.91201
1.91211
1.91222
1.91232
1.91243
1.91253
1.91263
1.91274
1.91284
1.91294
1.91304
1.91315
1.91325
1.91335
1.91345
1.91355
1.91365
1.91375
1.91385
1.91395
1.91405
1.91415
1.91425
1.91435
1.91445
1.91455
1.91465
1.91475
1.91484
1.91494
1.91504
1.91514
1.91523
1.91533
1.91543
1.91553
1.91562
1.91572
1.91581
1.91591
1.916
1.9161
1.91506
1.91516
1.91525
1.91535
1.91545
1.91554
1.91564
1.91573
1.91582
1.91592
1.91601
1.91611
1.9162
1.91629
1.91639
1.91648
1.91657
1.91667
1.91676
1.91685
1.91694
1.91704
1.91713
1.91722
1.91731
1.9174
1.91749
1.91758
1.91767
1.91776
1.91785
1.91794
1.91803
1.91812
1.91821
1.9183
1.91839
1.91848
1.91857
1.91866
1.91874
1.91883
1.91892
1.91901
1.91909
1.91918
1.91927
1.91935
1.91944
1.91953
1.91961
1.9197
1.91979
1.91987
1.91996
1.92004
1.92013
1.92021
1.9203
1.92038
1.92047
1.92055
1.92063
1.92072
1.9208
1.92089
1.92097
1.92105
1.92114
1.92122
1.9213
1.92138
1.92042
1.9205
1.92059
1.92067
1.92075
1.92083
1.92092
1.921
1.92108
1.92116
1.92124
1.92133
1.92141
1.92149
1.92157
1.92165
1.92173
1.92181
1.92189
1.92197
1.92205
1.92213
1.92221
1.92229
1.92237
1.92245
1.92253
1.92261
1.92269
1.92276
1.92284
1.92292
1.923
1.92308
1.92315
1.92323
1.92331
1.92339
1.92346
1.92354
1.92362
1.92369
1.92377
1.92385
1.92392
1.924
