1
1
1
1
1
1
1
1
1
1
1
1
1
1
1
1
1
1
1
1
1
1
1
1
1
1
1
1
1
1
1
1
1
1
1
1
1
1
1
1
1
1
1
1
1
1
1
1
1
1
1.01961
1.03846
1.0566
1.07407
1.09091
1.10714
1.12281
1.13793
1.15254
1.16667
1.18033
1.19355
1.20635
1.21875
1.23077
1.24242
1.25373
1.26471
1.27536
1.28571
1.29577
1.30556
1.31507
1.32432
1.33333
1.34211
1.35065
1.35897
1.36709
1.375
1.38272
1.39024
1.39759
1.40476
1.41176
1.4186
1.42529
1.43182
1.4382
1.44444
1.45055
1.45652
1.46237
1.46809
1.47368
1.47917
1.48454
1.4898
1.49495
1.5
1.50495
1.5098
1.51456
1.51923
1.52381
1.5283
1.53271
1.53704
1.54128
1.54545
1.54955
1.55357
1.55752
1.5614
1.56522
1.56897
1.57265
1.57627
1.57983
1.58333
1.58678
1.59016
1.5935
1.59677
1.6
1.60317
1.6063
1.60938
1.6124
1.61538
1.61832
1.62121
1.62406
1.62687
1.62963
1.63235
1.63504
1.63768
1.64029
1.64286
1.64539
1.64789
1.65035
1.65278
1.65517
1.65753
1.65986
1.66216
1.66443
1.66667
1.66887
1.67105
1.6732
1.67532
1.67742
1.67949
1.68153
1.68354
1.68553
1.6875
1.68944
1.69136
1.69325
1.69512
1.69697
1.6988
1.7006
1.70238
1.70414
1.70588
1.7076
1.7093
1.71098
1.71264
1.71429
1.71591
1.71751
1.7191
1.72067
1.72222
1.72376
1.72527
1.72678
1.72826
1.72973
1.73118
1.73262
1.73404
1.73545
1.73684
1.73822
1.73958
1.74093
1.74227
1.74359
1.7449
1.74619
1.74747
1.74874
1.75
1.75124
1.75248
1.75369
1.7549
1.7561
1.75728
1.75845
1.75962
1.76077
1.7619
1.76303
1.76415
1.76526
1.76636
1.76744
1.76852
1.76959
1.77064
1.77169
1.77273
1.77376
1.77477
1.77578
1.77679
1.77778
1.77876
1.77974
1.7807
1.78166
1.78261
1.78355
1.78448
1.78541
1.78632
1.78723
1.78814
1.78903
1.78992
1.79079
1.79167
1.79253
1.79339
1.79424
1.79508
1.79592
1.79675
1.79757
1.79839
1.7992
1.8
1.8008
1.80159
1.80237
1.80315
1.80392
1.80469
1.80545
1.8062
1.80695
1.80769
1.80843
1.80916
1.80989
1.81061
1.81132
1.81203
1.81273
1.81343
1.81413
1.81481
1.8155
1.81618
1.81685
1.81752
1.81818
1.81884
1.81949
1.82014
1.82079
1.82143
1.82206
1.8227
1.82332
1.82394
1.82456
1.82517
1.82578
1.82639
1.82699
1.82759
1.82818
1.82877
1.82935
1.82993
1.83051
1.83108
1.83165
1.83221
1.83278
1.83333
1.83389
1.83444
1.83498
1.83553
1.83607
1.8366
1.83713
1.83766
1.83819
1.83871
1.83923
1.83974
1.84026
1.84076
1.84127
1.84177
1.84227
1.84277
1.84326
1.84375
1.84424
1.84472
1.8452
1.84568
1.84615
1.84663
1.84709
1.84756
1.84802
1.84848
1.84894
1.8494
1.84985
1.8503
1.85075
1.85119
1.85163
1.85207
1.85251
1.85294
1.85337
1.8538
1.85423
1.85465
1.85507
1.85549
1.85591
1.85632
1.85673
1.85714
1.85755
1.85795
1.85836
1.85876
1.85915
1.85955
1.85994
1.86034
1.86072
1.86111
1.8615
1.86188
1.86226
1.86264
1.86301
1.86339
1.86376
1.86413
1.8645
1.86486
1.86523
1.86559
1.86595
1.86631
1.86667
1.86702
1.86737
1.86772
1.86807
1.86842
1.86877
1.86911
1.86945
1.86979
1.87013
1.87047
1.8708
1.87113
1.87147
1.87179
1.87212
1.87245
1.87277
1.8731
1.87342
1.87374
1.87406
1.87437
1.87469
1.875
1.87531
1.87562
1.87593
1.87624
1.87654
1.87685
1.87715
1.87745
1.87775
1.87805
1.87835
1.87864
1.87893
1.87923
1.87952
1.87981
1.8801
1.88038
1.88067
1.88095
1.88124
1.88152
1.8818
1.88208
1.88235
1.88263
1.8829
1.88318
1.88345
1.88372
1.88399
1.88426
1.88453
1.88479
1.88506
1.88532
1.88558
1.88584
1.8861
1.88636
1.88662
1.88688
1.88713
1.88739
1.88764
1.88789
1.88814
1.88839
1.88864
1.88889
1.88914
1.88938
1.88962
1.88987
1.89011
1.89035
1.89059
1.89083
1.89107
1.8913
1.89154
1.89177
1.89201
1.89224
1.89247
1.8927
1.89293
1.89316
1.89339
1.89362
1.89384
1.89407
1.89429
1.89451
1.89474
1.89496
1.89518
1.8954
1.89562
1.89583
1.89605
1.89627
1.89648
1.89669
1.89691
1.89712
1.89733
1.89754
1.89775
1.89796
1.89817
1.89837
1.89858
1.89879
1.89899
1.89919
1.8994
1.8996
1.8998
1.9
1.9002
1.9004
1.9006
1.90079
1.90099
1.90119
1.90138
1.90157
1.90177
1.90196
1.90215
1.90234
1.90253
1.90272
1.90291
1.9031
1.90329
1.90347
1.90366
1.90385
1.90403
1.90421
1.9044
1.90458
1.90476
1.90494
1.90512
1.9053
1.90548
1.90566
1.90584
1.90602
1.90619
1.90637
1.90654
1.90672
1.90689
1.90706
1.90724
1.90741
1.90758
1.90775
1.90792
1.90809
1.90826
1.90842
1.90859
1.90876
1.90893
1.90909
1.90926
1.90942
1.90958
1.90975
1.90991
1.91007
1.91023
1.91039
1.91055
1.91071
1.91087
1.91103
1.91119
1.91135
1.9115
1.91166
1.91182
1.91197
1.91213
1.91228
1.91243
1.91259
1.91274
1.91289
1.91304
1.91319
1.91334
1.91349
1.91364
1.91379
1.91394
1.91409
1.91424
1.91438
1.91453
1.91468
1.91482
1.91497
1.91511
1.91525
1.9154
1.91554
1.91568
1.91582
1.91597
1.91611
1.91625
1.91639
1.91653
1.91667
1.91681
1.91694
1.91708
1.91722
1.91736
1.91749
1.91763
1.91776
1.9179
1.91803
1.91817
1.9183
1.91843
1.91857
1.9187
1.91883
1.91896
1.91909
1.91922
1.91935
1.91948
1.91961
1.91974
1.91987
1.92
1.92013
1.92026
1.92038
1.92051
1.92063
1.92076
1.92089
1.92101
1.92114
1.92126
1.92138
1.92151
1.92163
1.92175
1.92188
1.922
1.92212
1.92224
1.92236
1.92248
1.9226
1.92272
1.92284
1.92296
1.92308
1.9232
1.92331
1.92343
1.92355
1.92366
1.92378
1.9239
1.92401
1.92413
1.92424
1.92436
1.92447
1.92459
1.9247
1.92481
1.92492
1.92504
1.92515
1.92526
1.92537
1.92548
1.9256
1.92571
1.92582
1.92593
1.92604
1.92614
1.92625
1.92636
1.92647
1.92658
1.92669
1.92679
1.9269
1.92701
1.92711
1.92722
1.92733
1.92743
1.92754
1.92764
1.92775
1.92785
1.92795
1.92806
1.92816
1.92826
1.92837
1.92847
1.92857
1.92867
1.92877
1.92888
1.92898
1.92908
1.92918
1.92928
1.92938
1.92948
1.92958
1.92968
1.92978
1.92987
1.92997
1.93007
1.93017
1.93026
1.93036
1.93046
1.93056
1.93065
1.93075
1.93084
1.93094
1.93103
1.93113
1.93122
1.93132
1.93141
1.93151
1.9316
1.93169
1.93179
1.93188
1.93197
1.93207
1.93216
1.93225
1.93234
1.93243
1.93252
1.93261
1.93271
1.9328
1.93289
1.93298
1.93307
1.93316
1.93324
1.93333
1.93342
1.93351
1.9336
1.93369
1.93377
1.93386
1.93395
1.93404
1.93412
1.93421
1.9343
1.93438
1.93447
1.93455
1.93464
1.93473
1.93481
1.9349
1.93498
1.93506
1.93515
1.93523
1.93532
1.9354
1.93548
1.93557
1.93565
1.93573
1.93582
1.9359
1.93598
1.93606
1.93614
1.93622
1.93631
1.93639
1.93647
1.93655
1.93663
1.93671
1.93679
1.93687
1.93695
1.93703
1.93711
1.93719
1.93726
1.93734
1.93742
1.9375
1.93758
1.93766
1.93773
1.93781
1.93789
1.93797
1.93804
1.93812
1.9382
1.93827
1.93835
1.93842
1.9385
1.93857
1.93865
1.93873
1.9388
1.93888
1.93895
1.93902
1.9391
1.93917
1.93925
1.93932
1.93939
1.93947
1.93954
1.93961
1.93969
1.93976
1.93983
1.9399
1.93998
1.94005
1.94012
1.94019
1.94026
1.94033
1.94041
1.94048
1.94055
1.94062
1.94069
1.94076
1.94083
1.9409
1.94097
1.94104
1.94111
1.94118
1.94125
1.94131
1.94138
1.94145
1.94152
1.94159
1.94166
1.94172
1.94179
1.94186
1.94193
1.942
1.94206
1.94213
1.9422
1.94226
1.94233
1.9424
1.94246
1.94253
1.94259
1.94266
1.94273
1.94279
1.94286
1.94292
1.94299
1.94305
1.94312
1.94318
1.94325
1.94331
1.94337
1.94344
1.9435
1.94357
1.94363
1.94369
1.94376
1.94382
1.94388
1.94395
1.94401
1.94407
1.94413
1.9442
1.94426
1.94432
1.94438
1.94444
1.94451
1.94457
1.94463
1.94469
1.94475
1.94481
1.94487
1.94493
1.94499
1.94505
1.94512
1.94518
1.94524
1.9453
1.94536
1.94541
1.94547
1.94553
1.94559
1.94565
1.94463
1.94469
1.94475
1.94481
1.94486
1.94492
1.94498
1.94504
1.9451
1.94516
1.94522
1.94528
1.94534
1.9454
1.94545
1.94551
1.94557
1.94563
1.94569
1.94574
1.9458
1.94586
1.94592
1.94597
1.94603
1.94609
1.94615
1.9462
1.94626
1.94632
1.94637
1.94538
1.94544
1.94549
1.94555
1.94561
1.94566
1.94572
1.94578
1.94583
1.94589
1.94595
1.946
1.94606
1.94611
1.94617
1.94623
1.94628
1.94634
1.94639
1.94645
1.9465
1.94656
1.94661
1.94667
1.94672
1.94678
1.94683
1.94688
1.94694
1.94699
1.94705
1.9471
1.94715
1.94721
1.94726
1.94732
1.94737
1.94641
1.94646
1.94652
1.94657
1.94663
1.94668
1.94673
1.94679
1.94684
1.94689
1.94695
1.947
