1
1
1
1
1
1
1
1
1
1
1
1
1
1
1
1
1
1
1
1
1
1
1
1
1
1
1
1
1
1
1
1
1
1
1
1
1
1
1
1
1
1
1
1
1
1
1
1
1
1
1
1
1
1
1
1
1
1
1
1
1
1
1
1
1
1
1
1
1
1
1
1
1
1
1
1
1
1
1
1
1
1
1
1
1
1
1
1
1
1
1
1
1
1
1
1
1
1
1
1
1
1
1
1
1
1
1
1
1
1
1
1
1
1
1
1
1
1
1
1
1
1
1
1
1
1
1
1
1
1
1
1
1
1
1
1
1
1
1
1
1
1
1
1
1
1
1
1
1
1
1
1
1
1
1
1
1
1
1
1
1
1
1
1
1
1
1
1
1
1
1
1
1
1
1
1
1
1
1
1
1
1
1
1
1
1
1
1
1
1
1
1
1
1
1
1
1
1
1
1
1
1
1
1
1
1
1
1
1
1
1
1
1
1
1
1
1
1
1
1
1
1
1
1
1
1
1
1
1
1
1
1
1
1
1
1
1
1
1
1
1
1
1
1
1
1
1
1
1
1
1
1
1
1
1
1
1
1
1
1
1
1
1
1
1
1
1
1
1
1
1
1
1
1
1
1
1
1
1
1
1
1
1
1
1
1
1
1
1
1
1
1
1
1
1
1
1
1
1
1
1
1
1
1
1
1
1
1
1
1
1
1
1
1
1
1
1
1
1
1
1
1
1
1
1
1
1
1
1
1
1
1
1
1
1
1
1
1
1
1
1
1
1
1
1
1
1
1
1
1
1.00285
1.00568
1.00567
1.00565
1.00563
1.00562
1.0056
1.00559
1.00557
1.00833
1.00831
1.01105
1.01102
1.01099
1.01096
1.01366
1.01635
1.0163
1.01626
1.01892
1.01887
1.01882
1.01877
1.01872
1.01867
1.01862
1.02122
1.02116
1.02111
1.02368
1.02362
1.02356
1.0235
1.02604
1.02857
1.0285
1.02842
1.03093
1.03342
1.0359
1.03581
1.03571
1.03562
1.03553
1.03544
1.03535
1.03526
1.03518
1.03759
1.04
1.04239
1.04478
1.04715
1.04703
1.04938
1.04926
1.0516
1.05392
1.05623
1.05854
1.06083
1.06068
1.06053
1.06039
1.06265
1.0625
1.06235
1.0622
1.06205
1.0619
1.06176
1.06161
1.06147
1.06132
1.06118
1.06103
1.06089
1.06075
1.06061
1.06279
1.06264
1.06481
1.06467
1.06452
1.06667
1.06651
1.06636
1.06621
1.06606
1.06591
1.06576
1.06561
1.06546
1.06532
1.06742
1.06726
1.06711
1.06696
1.06682
1.06667
1.06874
1.0708
1.07064
1.07048
1.07033
1.07018
1.07002
1.07205
1.07407
1.07391
1.07592
1.07792
1.07775
1.07759
1.07742
1.07725
1.07709
1.07692
1.07889
1.07872
1.08068
1.08263
1.08245
1.08439
1.08421
1.08403
1.08386
1.08368
1.08351
1.08333
1.08316
1.08506
1.08696
1.08678
1.0866
1.08642
1.0883
1.08811
1.08793
1.08776
1.08758
1.08943
1.08925
1.09109
1.09293
1.09476
1.09457
1.09639
1.0982
1.1
1.1018
1.10159
1.10338
1.10317
1.10297
1.10277
1.10256
1.10236
1.10216
1.10196
1.10176
1.10352
1.10331
1.10311
1.10485
1.10465
1.10445
1.10425
1.10405
1.10577
1.10557
1.10536
1.10516
1.10687
1.10857
1.10837
1.10816
1.10985
1.11153
1.11132
1.11111
1.1109
1.11069
1.11236
1.11402
1.11567
1.11546
1.11524
1.11503
1.11481
1.1146
1.11624
1.11786
1.11765
1.11743
1.11905
1.11883
1.11861
1.1184
1.11818
1.11978
1.11957
1.11935
1.11913
1.12072
1.1205
1.12029
1.12007
1.11986
1.11964
1.11943
1.11922
1.11901
1.11879
1.11858
1.11837
1.11993
1.11972
1.11951
1.1193
1.11909
1.12063
1.12216
1.12195
1.12174
1.12326
1.12305
1.12457
1.12608
1.12586
1.12737
1.12715
1.12693
1.12842
1.12991
1.1314
1.13118
1.13265
1.13243
1.1322
1.13198
1.13176
1.13153
1.133
1.13445
1.13423
1.134
1.13378
1.13523
1.135
1.13478
1.13455
1.13433
1.13576
1.13554
1.13696
1.13674
1.13651
1.13629
1.13607
1.13748
1.13725
1.13866
1.13844
1.13821
1.13961
1.13938
1.13916
1.13893
1.13871
1.13849
1.13987
1.13965
1.13942
1.1408
1.14058
1.14035
1.14013
1.1399
1.13968
1.13946
1.13924
1.1406
1.14038
1.14173
1.14151
1.14129
1.14263
1.14241
1.14375
1.14353
1.1433
1.14463
1.14441
1.14419
1.14396
1.14374
1.14506
1.14638
1.14615
1.14747
1.14877
1.14855
1.14832
1.14809
1.14939
1.15068
1.15198
1.15326
1.15303
1.15431
1.15408
1.15385
1.15512
1.15489
1.15465
1.15592
1.15569
1.15546
1.15672
1.15648
1.15774
1.1575
1.15727
1.15704
1.15828
1.15805
1.15782
1.15758
1.15735
1.15712
1.15689
1.15666
1.15643
1.1562
1.15598
1.15575
1.15698
1.15675
1.15652
1.1563
1.15607
1.15584
1.15706
1.15683
1.15805
1.15925
1.16046
1.16023
1.16
1.1612
1.16097
1.16216
1.16193
1.1617
1.16147
1.16124
1.16102
1.16079
1.16056
1.16034
1.16011
1.15989
1.15966
1.15944
1.15922
1.159
1.15877
1.15855
1.15833
1.15811
1.15789
1.15768
1.15746
1.15724
1.15702
1.15818
1.15797
1.15912
1.1589
1.15869
1.15984
1.15962
1.1594
1.15918
1.15897
1.16011
1.16125
1.16238
1.16351
1.16329
1.16442
1.1642
1.16532
1.1651
1.16488
1.166
1.16578
1.16689
1.16667
1.16644
1.16622
1.16733
1.16843
1.16954
1.17063
1.17041
1.1715
1.17128
1.17237
1.17346
1.17454
1.17431
1.17408
1.17386
1.17493
1.17471
1.17578
1.17555
1.17662
1.17769
1.17746
1.17853
1.17829
1.17935
1.17912
1.18018
1.17995
1.181
1.18205
1.18182
1.18159
1.18135
1.1824
1.18344
1.18321
1.18424
1.18528
1.18631
1.18734
1.18837
1.18939
1.19042
1.19144
1.19245
1.19347
1.19322
1.19424
1.19524
1.19625
1.19725
1.19825
1.19925
1.20025
1.20124
1.20223
1.20198
1.20297
1.20396
1.20494
1.20592
1.2069
1.20787
1.20885
1.20982
1.20956
1.21053
1.21149
1.21245
1.2122
1.21194
1.2129
1.21385
1.21481
1.21576
1.21671
1.21765
1.2186
1.21834
1.21928
1.22022
1.22115
1.22089
1.22062
1.22156
1.22129
1.22222
1.22315
1.22408
1.225
1.22592
1.22565
1.22657
1.22749
1.22722
1.22813
1.22904
1.22877
1.22968
1.23059
1.23149
1.23239
1.23329
1.23419
1.23509
1.23598
1.23687
1.23776
1.23865
1.23953
1.24042
1.2413
1.24218
1.24306
1.24393
1.24365
1.24337
1.24309
1.24396
1.24483
1.24569
1.24656
1.24628
1.246
1.24686
1.24658
1.24743
1.24829
1.24915
1.24886
1.24858
1.24943
1.25028
1.25113
1.25198
1.25282
1.25366
1.2545
1.25422
1.25506
1.25589
1.25673
1.25644
1.25727
1.2581
1.25893
1.25864
1.25835
1.25806
1.25889
1.25971
1.26053
1.26135
1.26217
1.26188
1.26159
1.2613
1.26211
1.26293
1.26374
1.26454
1.26425
1.26506
1.26477
1.26448
1.26528
1.26609
1.26688
1.26768
1.26739
1.26819
1.26898
1.26977
1.26948
1.27027
1.27106
1.27077
1.27155
1.27234
1.27312
1.2739
1.27361
1.27331
1.27409
1.27487
1.27564
1.27641
1.27719
1.27796
1.27872
1.27949
1.27919
1.27996
1.28072
1.28148
1.28118
1.28089
1.28059
1.2803
1.28
1.27971
1.28046
1.28122
1.28197
1.28168
1.28243
1.28318
1.28392
1.28363
1.28437
1.28512
1.28586
1.2866
1.28631
1.28705
1.28675
1.28749
1.28719
1.28689
1.2866
1.28733
1.28704
1.28777
1.28747
1.28821
1.28791
1.28864
1.28937
1.29009
1.29082
1.29052
1.29124
1.29095
1.29065
1.29036
1.29107
1.29078
1.2915
1.29221
1.29293
1.29263
1.29234
1.29305
1.29276
1.29347
1.29418
1.29488
1.29459
1.2953
1.296
