1
1
1
1
1
1
1
1
1
1
1
1
1
1
1
1
1
1
1
1
1
1
1
1
1
1
1
1
1
1
1
1
1
1
1.02857
1.02778
1.02703
1.02632
1.02564
1.025
1.02439
1.02381
1.02326
1.02273
1.02222
1.04348
1.04255
1.04167
1.04082
1.06
1.05882
1.05769
1.0566
1.05556
1.05455
1.05357
1.05263
1.05172
1.05085
1.05
1.04918
1.04839
1.04762
1.04688
1.04615
1.04545
1.04478
1.04412
1.04348
1.04286
1.04225
1.04167
1.0411
1.04054
1.04
1.03947
1.03896
1.03846
1.03797
1.0375
1.03704
1.03659
1.03614
1.03571
1.03529
1.03488
1.03448
1.03409
1.03371
1.03333
1.03297
1.03261
1.03226
1.03191
1.03158
1.03125
1.03093
1.03061
1.0303
1.03
1.0297
1.02941
1.02913
1.02885
1.02857
1.0283
1.02804
1.02778
1.02752
1.02727
1.02703
1.02679
1.02655
1.02632
1.02609
1.02586
1.02564
1.02542
1.02521
1.025
1.02479
1.02459
1.02439
1.02419
1.024
1.02381
1.02362
1.02344
1.02326
1.02308
1.0229
1.02273
1.02256
1.02239
1.02222
1.02206
1.0219
1.02174
1.02158
1.02143
1.02128
1.02113
1.02098
1.02083
1.02069
1.02055
1.02041
1.02027
1.02013
1.02
1.01987
1.01974
1.01961
1.01948
1.01935
1.01923
1.02548
1.02532
1.02516
1.025
1.02484
1.02469
1.02454
1.02439
1.02424
1.0241
1.02395
1.02381
1.02367
1.02353
1.02339
1.02326
1.02312
1.02299
1.02286
1.02841
1.02825
1.03371
1.03352
1.03333
1.03315
1.03297
1.03279
1.03804
1.03784
1.03763
1.03743
1.03723
1.03704
1.03684
1.03665
1.03646
1.03627
1.04124
1.04103
1.04082
1.04061
1.0404
1.0402
1.04
1.0398
1.0396
1.03941
1.03922
1.03902
1.03883
1.03865
1.03846
1.03828
1.0381
1.03791
1.03774
1.03756
1.03738
1.03721
1.03704
1.03687
1.0367
1.03653
1.03636
1.0362
1.03604
1.03587
1.03571
1.03556
1.0354
1.03524
1.03509
1.03493
1.03478
1.03463
1.03448
1.03433
1.03419
1.03404
1.0339
1.03376
1.03361
1.03347
1.03333
1.0332
1.03306
1.03292
1.03279
1.03265
1.03252
1.03239
1.03226
1.03213
1.032
1.03187
1.03175
1.03162
1.0315
1.03137
1.03125
1.03113
1.03101
1.03089
1.03077
1.03065
1.03053
1.03042
1.0303
1.03019
1.03008
1.03371
1.03358
1.03346
1.03333
1.03321
1.03309
1.03297
1.03285
1.03273
1.03261
1.0361
1.03597
1.03584
1.03571
1.03559
1.03546
1.03534
1.03521
1.0386
1.03846
1.03833
1.03819
1.03806
1.03793
1.0378
1.03767
1.03754
1.03741
1.03729
1.03716
1.03704
1.03691
1.03679
1.03667
1.03654
1.03642
1.0363
1.03618
1.03607
1.03595
1.03583
1.03571
1.0356
1.03548
1.03537
1.03526
1.03514
1.03503
1.03492
1.03481
1.03785
1.03774
1.03762
1.0375
1.03738
1.03727
1.03715
1.03704
1.03692
1.03681
1.0367
1.03659
1.03647
1.03636
1.03625
1.03614
1.03604
1.03593
1.03582
1.03571
1.03561
1.0355
1.0354
1.03529
1.03519
1.03509
1.03499
1.03488
1.03478
1.03468
1.03458
1.03448
1.03438
1.03429
1.03419
1.03409
1.03399
1.0339
1.0338
1.03371
1.03361
1.03352
1.03343
1.03611
1.03601
1.03591
1.03581
1.03571
1.03562
1.03552
1.03542
1.03533
1.03523
1.03514
1.03504
1.03495
1.03485
1.03476
1.03467
1.03457
1.03448
1.03439
1.0343
1.03421
1.03412
1.03403
1.03394
1.03385
1.03377
1.03368
1.03359
1.03351
1.03342
1.03333
1.03325
1.03316
1.03308
1.03299
1.03291
1.03283
1.03275
1.03266
1.03258
1.0325
1.03242
1.03234
1.03474
1.03465
1.03457
1.03448
1.0344
1.03431
1.03423
1.03415
1.03406
1.03398
1.0339
1.03382
1.03373
1.03365
1.03357
1.03349
1.03341
1.03333
1.03325
1.03318
1.0331
1.03302
1.03294
1.03286
1.03279
1.03271
1.03263
1.03256
1.03248
1.03241
1.03233
1.03226
1.03218
1.03211
1.03204
1.03425
1.03417
1.03409
1.03401
1.03394
1.03386
1.03378
1.03371
1.03363
1.03356
1.03348
1.03341
1.03333
1.03326
1.03319
1.03311
1.03304
1.03297
1.03289
1.03282
1.03275
1.03268
1.03261
1.03254
1.03247
1.0324
1.03233
1.03226
1.03219
1.03212
1.03205
1.03198
1.03191
1.03185
1.03178
1.03171
1.03165
1.03158
1.03151
1.03145
1.03138
1.03132
1.03125
1.03119
1.03112
1.03106
1.03099
1.03093
1.03086
1.0308
1.03074
1.03067
1.03061
1.03055
1.03049
1.03043
1.03036
1.0303
1.03024
1.03018
1.03012
1.03006
1.03
1.02994
1.02988
1.02982
1.02976
1.0297
1.02964
1.02959
1.02953
1.02947
1.02941
1.02935
1.0293
1.02924
1.02918
1.02913
1.02907
1.02901
1.02896
1.0289
1.02885
1.02879
1.02874
1.02868
1.02863
1.02857
1.02852
1.02846
1.02841
1.02836
1.0283
1.02825
1.0282
1.02814
1.02809
1.02804
1.02799
1.02793
1.02788
1.02783
1.02778
1.02773
1.02768
1.02762
1.02757
1.02752
1.02747
1.02742
1.02737
1.02732
1.02727
1.02722
1.02717
1.02712
1.02708
1.02703
1.02698
1.02693
1.02688
1.02683
1.02679
1.02674
1.02669
1.02664
1.0266
1.02655
1.0265
1.02646
1.02641
1.02636
1.02632
1.02627
1.02622
1.02618
1.02613
1.02609
1.02604
1.026
1.02595
1.02591
1.02586
1.02582
1.02577
1.02573
1.02568
1.02564
1.0256
1.02555
1.02551
1.02547
1.02542
1.02538
1.02534
1.0253
1.02525
1.02521
1.02517
1.02513
1.02508
1.02504
1.025
1.02496
1.02492
1.02488
1.02483
1.02479
1.02475
1.02471
1.02467
1.02463
1.02459
1.02455
1.02451
1.02447
1.02443
1.02602
1.02597
1.02593
1.02589
1.02585
1.02581
1.02576
1.02572
1.02568
1.02564
1.0256
1.02556
1.02552
1.02548
1.02544
1.0254
1.02536
1.02532
1.02528
1.02524
1.0252
1.02516
1.02512
1.02508
1.02504
1.025
1.02496
1.02492
1.02488
1.02484
1.02481
1.02477
1.02473
1.02469
1.02465
1.02462
1.02458
1.02454
1.0245
1.02446
1.02443
1.02439
1.02435
1.02432
1.02428
1.02424
1.02421
1.02417
1.02413
1.0241
1.02406
1.02402
1.02399
1.02545
1.02541
1.02537
1.02534
1.0253
1.02526
1.02522
1.02519
1.02515
1.02511
1.02507
1.02504
1.025
1.02496
1.02493
1.02489
1.02485
1.02482
1.02478
1.02475
1.02471
1.02467
1.02464
1.0246
1.02457
1.02453
1.0245
1.02446
1.02586
1.02583
1.02579
1.02575
1.02571
1.02568
1.02564
1.0256
1.02557
1.02553
1.0255
1.02546
1.02542
1.02539
1.02535
1.02532
1.02528
1.02525
1.02521
1.02517
1.02514
1.0251
1.02507
1.02503
1.025
1.02497
1.02493
1.0249
1.02486
1.02483
1.02479
1.02613
1.0261
1.02606
1.02603
1.02599
1.02596
1.02592
1.02589
1.02585
1.02582
1.02578
1.02575
1.02571
1.02568
1.02564
1.02561
1.02557
1.02554
1.0255
1.02547
1.02544
1.0254
1.02537
1.02533
1.0253
1.02527
1.02523
1.0252
1.02517
1.02513
1.0251
1.02507
1.02503
1.025
1.02497
1.02493
1.0249
1.02487
1.02484
1.0248
1.02477
1.02474
1.02601
1.02597
1.02594
1.02591
1.02587
1.02584
1.02581
1.02577
1.02574
1.02571
1.02567
1.02564
1.02561
1.02558
1.02554
1.02551
1.02548
1.02545
1.02541
1.02538
1.02535
1.02532
1.02528
1.02525
1.02522
1.02519
1.02516
1.02513
1.02509
1.02506
1.02503
1.025
1.02497
1.02494
1.02491
1.02488
1.02484
1.02481
1.02478
1.02475
1.02472
1.02469
1.02466
1.02463
1.0246
1.02457
1.02454
1.02451
1.0257
1.02567
1.02564
1.02561
1.02558
1.02555
1.02673
1.0267
1.02667
1.02663
1.0266
1.02657
1.02654
1.02651
1.02647
1.02644
1.02641
1.02638
1.02635
1.02632
1.02748
1.02745
1.02741
1.02738
1.02735
1.02732
1.02728
1.02725
1.02722
1.02719
1.02715
1.02712
1.02709
1.02706
1.02703
1.027
1.02696
1.02693
1.0269
1.02687
1.02684
1.02681
1.02678
1.02674
1.02671
1.02668
1.02665
1.02662
1.02659
1.02656
1.02653
1.0265
1.02647
1.02644
1.02641
1.02638
1.02635
1.02632
1.02629
1.02626
1.02623
1.0262
1.02617
1.02614
1.02611
1.02608
1.02605
1.02602
1.02599
1.02596
1.02593
1.0259
1.02587
1.02584
1.02581
1.02578
1.02576
1.02573
1.0257
1.02567
1.02564
1.02561
1.02558
1.02556
1.02553
1.0255
1.02547
1.02544
1.02541
1.02539
1.02536
1.02533
1.0253
1.02527
1.02525
1.02522
1.02519
1.02516
1.02514
1.02511
1.02508
1.02505
1.02503
1.025
1.02497
1.02603
1.026
1.02597
1.02595
1.02592
1.02589
1.02586
1.02583
1.02581
1.02578
1.02575
1.02572
1.0257
1.02567
1.02564
1.02561
1.02559
1.02556
1.0266
1.02657
1.02654
1.02651
1.02648
1.02646
1.02643
1.0264
1.02637
1.02634
1.02632
1.02734
1.02731
1.02728
1.02725
1.02723
1.0272
1.02717
1.02714
1.02711
1.02708
1.02706
1.02703
1.027
1.02697
1.02694
1.02692
1.02689
1.02686
1.02683
1.0268
1.02678
1.02675
1.02672
1.02669
1.02667
1.02664
1.02661
1.02658
1.02758
1.02755
1.02752
1.02749
1.02747
1.02744
1.02741
1.02738
1.02736
1.02733
1.0273
1.02727
1.02725
1.02722
1.02719
1.02716
1.02714
1.02711
1.02708
1.02705
1.02703
1.027
