1
1
1
1
1
1
1
1
1
1
1
1
1
1
1
1
1
1
1
1
1
1
1
1
1
1
1.03704
1.03571
1.03448
1.03333
1.03226
1.03125
1.0303
1.02941
1.02857
1.02778
1.02703
1.02632
1.02564
1.025
1.02439
1.02381
1.02326
1.02273
1.02222
1.02174
1.02128
1.02083
1.02041
1.02
1.01961
1.01923
1.01887
1.01852
1.01818
1.01786
1.01754
1.01724
1.01695
1.01667
1.01639
1.01613
1.01587
1.01562
1.01538
1.01515
1.01493
1.01471
1.01449
1.01429
1.01408
1.01389
1.0137
1.01351
1.01333
1.01316
1.01299
1.01282
1.01266
1.0125
1.01235
1.0122
1.01205
1.0119
1.01176
1.01163
1.02299
1.02273
1.02247
1.02222
1.02198
1.02174
1.02151
1.02128
1.02105
1.02083
1.02062
1.02041
1.0202
1.02
1.0198
1.01961
1.01942
1.01923
1.01905
1.01887
1.01869
1.01852
1.01835
1.01818
1.01802
1.01786
1.0177
1.01754
1.01739
1.01724
1.01709
1.01695
1.01681
1.01667
1.01653
1.01639
1.01626
1.01613
1.016
1.01587
1.01575
1.01562
1.0155
1.01538
1.01527
1.01515
1.01504
1.01493
1.01481
1.01471
1.0146
1.01449
1.01439
1.01429
1.01418
1.02113
1.02098
1.02083
1.02069
1.02055
1.02041
1.02027
1.02013
1.02
1.01987
1.01974
1.01961
1.01948
1.01935
1.02564
1.02548
1.02532
1.02516
1.025
1.02484
1.02469
1.02454
1.02439
1.02424
1.03012
1.02994
1.02976
1.02959
1.02941
1.03509
1.03488
1.03468
1.03448
1.03429
1.03409
1.0339
1.03371
1.03352
1.03333
1.03315
1.03297
1.03279
1.03261
1.03243
1.03226
1.03209
1.03191
1.03175
1.03158
1.03141
1.03125
1.03109
1.03093
1.03077
1.03061
1.03046
1.0303
1.03015
1.03
1.02985
1.0297
1.02956
1.02941
1.02927
1.02913
1.02899
1.02885
1.02871
1.02857
1.02844
1.0283
1.02817
1.02804
1.02791
1.02778
1.02765
1.02752
1.0274
1.02727
1.02715
1.02703
1.02691
1.02679
1.02667
1.02655
1.02643
1.02632
1.0262
1.02609
1.02597
1.02586
1.02575
1.02564
1.02553
1.02542
1.02532
1.02521
1.0251
1.025
1.0249
1.02479
1.02469
1.02459
1.02449
1.02439
1.02429
1.02419
1.0241
1.024
1.0239
1.02381
1.02372
1.02362
1.02353
1.02344
1.02335
1.02326
1.02317
1.02308
1.02299
1.0229
1.02281
1.02273
1.02264
1.02256
1.02247
1.02239
1.0223
1.02222
1.02214
1.02206
1.02198
1.0219
1.02182
1.02174
1.02166
1.02158
1.02151
1.02143
1.02135
1.02128
1.0212
1.02113
1.02105
1.02098
1.02091
1.02083
1.02076
1.02069
1.02062
1.02055
1.02048
1.02041
1.02034
1.02027
1.0202
1.02013
1.02007
1.02
1.01993
1.01987
1.0198
1.01974
1.01967
1.01961
1.01954
1.01948
1.01942
1.01935
1.01929
1.01923
1.01917
1.01911
1.01905
1.01899
1.01893
1.01887
1.01881
1.01875
1.01869
1.01863
1.01858
1.01852
1.01846
1.0184
1.01835
1.01829
1.01824
1.01818
1.01813
1.01807
1.01802
1.01796
1.01791
1.01786
1.0178
1.01775
1.0177
1.01765
1.0176
1.01754
1.01749
1.01744
1.01739
1.01734
1.01729
1.01724
1.01719
1.01714
1.01709
1.01705
1.017
1.01695
1.0169
1.01685
1.01681
1.01676
1.01671
1.01667
1.01939
1.01934
1.01928
1.01923
1.01918
1.01913
1.01907
1.01902
1.01897
1.01892
1.01887
1.01882
1.01877
1.01872
1.02133
1.02128
1.02122
1.02116
1.02111
1.02105
1.021
1.02094
1.02089
1.02083
1.02078
1.02073
1.02067
1.02062
1.02057
1.02051
1.02046
1.02041
1.02036
1.0203
1.02025
1.0202
1.02015
1.0201
1.02005
1.0225
1.02244
1.02239
1.02233
1.02228
1.02222
1.02217
1.02211
1.02206
1.022
1.02195
1.0219
1.02184
1.02421
1.02415
1.0241
1.02404
1.02398
1.02392
1.02387
1.02381
1.02375
1.0237
1.02364
1.02594
1.02588
1.02582
1.0281
1.02804
1.02797
1.02791
1.02784
1.03009
1.03002
1.02995
1.02989
1.02982
1.02975
1.02968
1.02961
1.02955
1.02948
1.02941
1.02935
1.02928
1.02921
1.02915
1.02908
1.02902
1.02895
1.02889
1.02882
1.02876
1.0287
1.02863
1.02857
1.02851
1.02845
1.02838
1.02832
1.02826
1.0282
1.0303
1.03024
1.03017
1.03011
1.03004
1.02998
1.03205
1.03198
1.03191
1.03185
1.03178
1.03171
1.03165
1.03158
1.03151
1.03145
1.03138
1.03132
1.03125
1.03119
1.03112
1.03106
1.03099
1.03093
1.03086
1.0308
1.03074
1.03067
1.03061
1.03055
1.03049
1.03043
1.03036
1.0303
1.03024
1.03018
1.03012
1.03006
1.03
1.02994
1.02988
1.02982
1.02976
1.0297
1.02964
1.02959
1.02953
1.02947
1.02941
1.02935
1.0293
1.02924
1.02918
1.02913
1.02907
1.02901
1.02896
1.0289
1.02885
1.02879
1.02874
1.02868
1.02863
1.02857
1.02852
1.02846
1.02841
1.02836
1.0283
1.02825
1.0282
1.02814
1.02809
1.02804
1.02799
1.02793
1.02788
1.02783
1.02778
1.02773
1.02768
1.02762
1.02757
1.02752
1.02747
1.02742
1.02737
1.02732
1.02727
1.02722
1.02717
1.02712
1.02708
1.02703
1.02698
1.02693
1.02688
1.02683
1.02679
1.02674
1.02669
1.02664
1.0266
1.02655
1.0265
1.02646
1.02641
1.02636
1.02632
1.02627
1.02622
1.02618
1.02613
1.02783
1.02778
1.02773
1.02768
1.02763
1.02759
1.02754
1.02749
1.02744
1.0274
1.02735
1.0273
1.02726
1.02721
1.02716
1.02712
1.02707
1.02703
1.02698
1.02694
1.02689
1.02685
1.0268
1.02676
1.02671
1.02667
1.02662
1.02658
1.02653
1.02649
1.02645
1.0264
1.02636
1.02632
1.02627
1.02623
1.02619
1.02614
1.0261
1.02606
1.02602
1.02597
1.02593
1.02589
1.02585
1.02581
1.02576
1.02572
1.02568
1.02564
1.0256
1.02556
1.02552
1.02548
1.02544
1.0254
1.02536
1.02532
1.02686
1.02681
1.02677
1.02673
1.02669
1.02665
1.0266
1.02656
1.02652
1.02648
1.02644
1.0264
1.02636
1.02632
1.02628
1.02623
1.02619
1.02615
1.02765
1.02761
1.02757
1.02752
1.02748
1.02744
1.0274
1.02736
1.02883
1.02879
1.02874
1.0287
1.02866
1.02861
1.02857
1.03003
1.02998
1.02994
1.0299
1.02985
1.02981
1.02976
1.02972
1.02967
1.02963
1.02959
1.02954
1.0295
1.02946
1.02941
1.02937
1.02933
1.02928
1.02924
1.0292
1.02915
1.02911
1.02907
1.02903
1.02899
1.02894
1.0289
1.02886
1.02882
1.02878
1.02874
1.02869
1.02865
1.02861
1.02857
1.02853
1.02849
1.02845
1.02841
1.02837
1.02833
1.02829
1.02825
1.02821
1.02817
1.02813
1.02809
1.02805
1.02801
1.02797
1.02793
1.02789
1.02786
1.02782
1.02778
1.02774
1.0277
1.02766
1.02901
1.02897
1.02893
1.02889
1.02885
1.02881
1.02877
1.02873
1.02869
1.02865
1.02861
1.02857
1.02853
1.02849
1.02846
1.02842
1.02838
1.02834
1.0283
1.02826
1.02823
1.02819
1.02815
1.02945
1.02941
1.02937
1.02933
1.02929
1.02926
1.02922
1.02918
1.02914
1.0291
1.02906
1.02902
1.02899
1.02895
1.02891
1.02887
1.02883
1.0288
1.02876
1.02872
1.02868
1.02865
1.02861
1.02987
1.02983
1.02979
1.02975
1.02972
1.02968
1.03093
1.03089
1.03085
1.03081
1.03077
1.03073
1.03069
1.03065
1.03061
1.03057
1.03053
1.0305
1.03046
1.03042
1.03038
1.03034
1.0303
1.03026
1.03023
1.03019
1.03015
1.03011
1.03008
1.03004
1.03
1.02996
1.02993
1.02989
1.02985
1.02981
1.03102
1.03098
1.03094
1.0309
1.03086
1.03083
1.03079
1.03075
1.03071
1.0319
1.03186
1.03182
1.03178
1.03175
1.03171
1.03167
1.03163
1.03159
1.03155
1.03152
1.03148
1.03144
1.0314
1.03136
1.03133
1.03129
1.03125
1.03121
1.03118
1.03114
1.0311
1.03106
1.03103
1.03099
1.03095
1.03092
1.03088
1.03084
1.03081
1.03077
1.03073
1.0307
1.03066
1.03062
1.03059
1.03055
1.03052
1.03048
1.03044
1.03041
1.03037
1.03034
1.03147
1.03143
1.03256
1.03252
1.03248
1.03244
1.03241
1.03237
1.03233
1.0323
1.03226
1.03222
1.03218
1.03215
1.03211
1.03207
1.03204
1.032
1.03196
1.03193
1.03189
1.03185
1.03182
1.03178
1.03288
1.03284
1.03281
1.03277
1.03273
1.03269
1.03266
1.03262
1.03258
1.03255
1.03251
1.03247
1.03356
1.03352
1.03348
1.03344
1.03341
1.03337
1.03333
1.0333
1.03326
1.03322
1.03319
1.03315
1.03311
1.03308
1.03304
1.033
1.03297
1.03293
1.03289
1.03286
1.03282
1.03279
1.03275
1.03272
1.03268
1.03264
1.03261
1.03257
1.03254
1.0325
1.03247
1.03243
1.0324
1.03236
1.03233
1.03229
1.03333
1.0333
1.03326
1.03323
1.03319
1.03316
1.03312
1.03308
1.03305
1.03301
1.03298
1.03294
1.03291
1.03287
1.03284
1.0328
1.03277
1.03273
1.0327
1.03267
1.03263
1.0326
1.03256
1.03253
1.03249
1.03246
1.03243
1.03239
1.03236
1.03233
1.03229
1.03226
1.03222
1.03219
1.03216
1.03212
1.03209
1.03206
1.03202
1.03199
1.03196
1.03193
1.03189
1.03186
1.03183
1.03282
1.03279
1.03275
1.03272
1.03269
1.03265
1.03262
1.03259
1.03255
1.03252
1.03249
1.03245
1.03242
1.03239
1.03236
1.03333
1.0333
1.03327
1.03323
1.0332
1.03317
1.03313
1.0331
1.03307
1.03303
1.033
